137,33,217,160,1.000000
137,33,217,160,0.998489
137,33,217,160,0.998291
137,33,217,160,0.996927
137,33,217,160,0.997056
137,33,217,160,0.996467
137,33,217,160,0.996521
137,33,217,160,0.997421
137,33,217,160,0.996419
137,33,217,160,0.995499
133,32,213,159,0.863934
129,32,209,159,0.709151
127,32,207,159,0.666039
126,32,206,159,0.638890
126,32,206,159,0.707857
130,32,211,160,0.791343
135,32,216,161,0.884664
141,32,222,161,0.767525
145,32,226,161,0.678462
150,32,231,160,0.646838
153,32,234,160,0.599551
156,32,237,160,0.585192
157,32,238,160,0.573861
159,32,240,160,0.565134
159,32,240,160,0.562743
159,32,240,160,0.566608
157,32,238,160,0.577357
154,32,235,161,0.592888
151,32,232,161,0.638499
149,32,230,161,0.669483
146,32,227,161,0.713309
143,32,224,161,0.771659
142,32,223,161,0.812676
141,32,222,161,0.847769
141,32,222,161,0.854499
141,32,222,160,0.853222
140,32,221,160,0.850096
140,32,221,160,0.836080
139,32,220,160,0.823814
140,32,221,160,0.805344
139,32,220,160,0.825731
137,33,218,161,0.793406
140,33,221,160,0.754063
142,33,223,160,0.824542
142,34,223,161,0.814472
138,34,219,161,0.685482
134,34,215,161,0.622328
134,34,215,161,0.656964
137,34,218,161,0.697149
138,35,219,161,0.672980
138,34,219,160,0.690606
139,34,220,160,0.664418
141,34,222,160,0.655221
141,34,222,160,0.694125
139,34,220,161,0.709050
139,34,220,161,0.727934
139,34,220,161,0.706169
138,34,219,161,0.665777
137,34,218,161,0.676125
136,34,217,161,0.672702
136,34,217,161,0.709602
137,34,218,161,0.684277
138,34,219,161,0.682802
138,34,219,161,0.689339
138,34,219,161,0.676241
138,34,219,161,0.677668
138,34,219,161,0.669397
138,34,219,161,0.671601
138,34,219,161,0.690244
138,34,219,161,0.692562
137,34,218,161,0.697218
137,34,218,161,0.715696
137,34,218,161,0.683410
137,33,218,160,0.670559
138,32,219,159,0.777005
138,32,219,159,0.739386
137,32,218,159,0.697517
137,31,218,158,0.725422
136,30,217,157,0.709413
134,29,215,156,0.675748
135,29,216,156,0.683270
136,30,217,157,0.710503
137,32,219,160,0.740263
136,36,220,167,0.616604
135,39,221,173,0.587182
135,42,221,176,0.544290
135,43,221,177,0.536330
136,42,222,175,0.562305
137,41,221,172,0.624365
137,39,221,170,0.640172
138,37,221,167,0.637526
138,37,221,167,0.636925
137,36,220,166,0.631805
137,36,219,166,0.654859
135,36,217,166,0.660839
136,36,217,165,0.685687
137,37,217,165,0.673033
136,37,216,165,0.685119
134,37,214,165,0.672390
133,37,213,165,0.614636
132,37,212,165,0.590801
132,37,212,165,0.607370
131,37,211,165,0.610601
130,38,210,166,0.598043
130,38,210,166,0.562104
130,38,210,166,0.552661
129,38,209,166,0.556477
128,38,208,166,0.566271
128,38,208,166,0.583291
128,38,208,166,0.603487
129,38,209,166,0.613854
129,39,209,167,0.582859
129,39,209,167,0.550146
128,39,208,167,0.551756
128,39,208,167,0.558070
124,39,203,166,0.579768
119,39,197,165,0.591041
114,40,192,165,0.598827
112,40,190,165,0.591744
113,40,191,165,0.604261
117,39,196,165,0.579471
128,38,208,165,0.617836
138,37,219,165,0.647475
146,37,227,165,0.609799
151,37,232,165,0.634290
153,37,234,165,0.668537
153,37,234,165,0.671482
152,37,233,165,0.656584
150,37,231,166,0.609420
148,37,229,166,0.586528
145,37,226,166,0.593584
143,37,224,166,0.619186
141,38,222,167,0.612760
140,38,221,167,0.576094
139,38,220,167,0.580637
139,38,220,166,0.570640
138,38,219,166,0.583568
137,38,218,166,0.562748
136,38,217,166,0.553142
136,38,217,166,0.544470
136,38,217,166,0.547571
135,38,216,166,0.545228
135,38,216,166,0.544815
135,38,216,166,0.541653
134,38,215,165,0.572044
134,38,215,164,0.584607
134,38,215,164,0.594182
135,38,216,164,0.600647
136,38,217,164,0.627893
136,38,217,164,0.647368
136,38,217,164,0.649604
136,38,217,164,0.654261
136,38,217,164,0.655121
136,38,217,164,0.670178
136,38,217,164,0.671041
136,37,217,163,0.668585
136,37,217,163,0.720862
136,37,217,163,0.726332
136,37,217,163,0.719160
136,37,217,163,0.718545
136,37,217,163,0.719211
136,37,217,163,0.718675
136,37,217,163,0.717983
136,37,217,163,0.717553
136,37,217,163,0.712227
136,37,217,163,0.702736
136,37,217,163,0.704665
136,37,217,163,0.704694
136,37,217,163,0.692107
136,37,217,163,0.697471
136,37,217,163,0.717772
136,37,217,163,0.718262
136,37,217,163,0.710310
136,37,217,163,0.712682
136,37,217,163,0.713027
136,37,217,163,0.703836
136,37,217,163,0.702235
136,37,217,163,0.706222
136,37,217,163,0.704329
136,37,217,163,0.703850
136,37,217,163,0.717535
136,37,217,163,0.731858
136,37,217,163,0.729213
136,37,217,163,0.730981
136,37,217,163,0.728799
136,37,217,163,0.723172
136,37,217,163,0.726503
136,37,217,163,0.722031
136,37,217,163,0.716455
137,37,218,163,0.710325
137,37,218,163,0.731535
137,37,218,163,0.734111
137,37,218,163,0.733989
136,37,217,163,0.736123
136,37,217,163,0.688753
136,37,217,163,0.720821
136,37,217,163,0.724265
136,37,217,163,0.725159
136,37,217,163,0.713717
137,37,218,163,0.720649
137,37,218,163,0.735519
137,37,218,163,0.735728
136,37,217,163,0.734132
136,37,217,163,0.729231
136,37,217,163,0.726327
136,37,217,163,0.727425
136,37,217,163,0.725212
136,37,217,163,0.724082
136,37,217,163,0.731405
136,37,217,163,0.731494
136,37,217,163,0.732637
136,37,217,163,0.724255
136,37,217,163,0.720516
136,37,217,163,0.720372
136,37,217,163,0.713539
136,37,217,163,0.720103
136,37,217,163,0.716162
136,37,217,163,0.711529
136,37,217,163,0.718152
136,37,217,163,0.720337
136,37,217,163,0.709489
136,37,217,163,0.718097
136,37,217,163,0.718749
136,37,217,163,0.718376
136,37,217,163,0.723836
136,37,217,163,0.712558
136,37,217,163,0.712540
136,37,217,163,0.712357
136,37,217,164,0.689528
134,37,215,165,0.639358
134,37,215,165,0.654584
136,37,217,165,0.653068
137,37,218,165,0.663418
137,37,218,164,0.684485
136,37,217,164,0.692020
136,37,217,164,0.699298
136,37,217,164,0.682440
136,37,217,164,0.684161
136,37,217,164,0.681057
137,37,218,164,0.665055
136,37,217,164,0.681930
131,38,213,166,0.638323
125,46,207,174,0.509994
121,52,204,181,0.488867
121,56,203,184,0.483063
124,57,205,184,0.481472
127,56,208,183,0.484407
129,56,210,183,0.474933
129,57,210,183,0.471404
128,57,209,183,0.475912
127,58,208,184,0.480843
127,58,208,184,0.484254
127,59,208,185,0.483785
127,60,208,186,0.486364
127,62,207,187,0.467550
128,67,205,187,0.476572
128,68,205,188,0.477729
128,68,205,188,0.480148
128,68,205,188,0.476990
128,68,205,188,0.482644
127,67,204,188,0.483220
123,63,202,187,0.495120
116,59,197,186,0.476483
113,56,194,184,0.496502
111,54,192,183,0.522856
110,52,191,182,0.522906
108,48,189,177,0.568316
105,47,185,175,0.603238
103,46,183,174,0.586117
102,46,181,173,0.599404
102,46,181,173,0.596574
102,46,181,173,0.598336
103,46,182,174,0.593634
103,46,184,176,0.606028
107,45,189,177,0.586518
113,44,198,180,0.561872
120,42,207,182,0.535746
127,40,216,184,0.530387
133,40,222,184,0.544699
134,40,223,184,0.552875
133,40,222,184,0.553224
132,40,221,184,0.550526
130,38,220,183,0.543706
128,37,219,183,0.536890
127,37,217,181,0.538341
125,38,214,181,0.551785
123,38,212,181,0.568952
123,37,213,181,0.598923
122,38,211,180,0.612599
121,39,209,179,0.630217
120,40,207,178,0.643431
119,41,206,178,0.635380
119,43,205,179,0.634829
118,44,203,179,0.629750
117,46,201,180,0.632200
117,46,201,179,0.612990
117,47,200,179,0.614815
117,48,200,180,0.600943
116,47,200,180,0.595636
115,46,200,181,0.596365
114,46,200,182,0.597604
113,45,200,183,0.600868
112,44,200,184,0.609195
111,43,201,186,0.610593
112,43,201,185,0.589954
113,42,202,184,0.598320
113,43,201,183,0.604672
113,43,202,184,0.602957
113,42,203,184,0.603300
114,42,204,184,0.611605
113,42,204,185,0.611308
112,42,203,186,0.590454
112,42,203,186,0.583903
112,42,202,184,0.583455
113,42,202,183,0.602845
113,42,201,182,0.595658
113,42,200,181,0.581872
113,43,199,181,0.582216
113,42,200,181,0.586712
114,43,201,181,0.582547
119,40,208,182,0.547256
120,40,209,182,0.496365
120,39,210,182,0.495526
120,38,211,182,0.493713
120,38,211,182,0.492422
120,37,211,182,0.491230
120,36,211,182,0.489230
120,36,211,182,0.485716
119,35,211,182,0.483381
119,35,211,182,0.487710
118,34,211,182,0.484643
118,34,212,183,0.488985
118,34,212,184,0.483940
118,34,212,184,0.475962
118,34,212,184,0.470101
118,34,212,184,0.466662
119,33,213,183,0.465195
119,33,213,183,0.468843
119,33,213,183,0.470349
119,33,213,183,0.472399
119,33,213,183,0.466179
119,33,213,183,0.468691
119,33,213,183,0.469011
119,33,213,183,0.465260
119,33,213,183,0.467991
119,33,213,183,0.469668
119,33,213,183,0.469409
119,33,213,183,0.468993
119,33,213,183,0.464766
119,33,213,183,0.467086
119,33,213,183,0.472255
118,33,212,184,0.469152
118,33,212,184,0.494214
118,33,212,183,0.516033
120,33,214,183,0.523594
125,32,220,183,0.495614
125,32,220,183,0.492151
124,32,219,183,0.481383
124,32,219,183,0.481340
124,32,219,183,0.480312
123,32,218,183,0.477637
122,32,217,183,0.491773
121,33,216,184,0.499874
121,33,216,184,0.513442
123,33,218,184,0.520965
124,33,219,184,0.526149
123,33,218,184,0.519051
123,33,218,184,0.527822
123,33,218,184,0.523987
123,33,218,184,0.520460
123,33,218,184,0.523027
123,33,218,184,0.517268
123,33,218,184,0.513024
123,33,218,184,0.518447
123,33,218,184,0.520796
123,33,218,184,0.522414
122,33,217,184,0.515326
118,34,212,184,0.511351
118,34,212,184,0.529168
118,34,212,184,0.512719
119,33,213,183,0.508891
119,33,213,183,0.494163
119,33,213,183,0.499605
120,33,215,184,0.495566
120,34,214,183,0.496673
120,34,214,184,0.508561
120,34,214,184,0.515345
120,33,214,183,0.512532
120,33,214,183,0.501916
120,33,214,183,0.503563
120,33,214,183,0.504827
120,33,214,183,0.503489
120,33,214,183,0.507829
120,33,214,183,0.510412
120,33,214,183,0.508505
118,33,212,183,0.509773
117,33,211,183,0.517263
116,33,210,183,0.510326
115,36,207,183,0.509168
114,36,206,183,0.543759
114,36,206,183,0.465697
114,36,206,183,0.588971
114,36,206,183,0.585429
114,36,206,183,0.578865
114,36,206,183,0.580836
114,36,207,184,0.572374
113,36,206,184,0.579171
111,37,203,182,0.567645
108,37,200,182,0.526502
106,36,198,182,0.548096
105,37,197,184,0.552138
104,37,197,186,0.576859
103,36,197,186,0.560108
103,36,196,186,0.546956
104,36,197,186,0.546433
106,35,199,184,0.547613
107,36,200,184,0.545305
108,36,201,184,0.545825
110,35,204,184,0.555946
112,34,205,181,0.536068
110,33,202,178,0.544093
107,35,198,178,0.561240
106,36,196,178,0.565479
107,36,197,178,0.544825
108,37,197,178,0.545087
109,38,197,178,0.536429
110,39,197,178,0.528418
110,39,197,178,0.516200
110,39,197,178,0.517076
111,39,198,177,0.513689
111,39,198,177,0.521740
111,39,198,177,0.519761
111,39,198,177,0.520846
111,39,198,177,0.524600
111,39,198,177,0.524309
111,39,198,177,0.522433
111,40,197,177,0.526572
111,41,196,177,0.525529
111,43,195,177,0.530885
107,45,191,179,0.551251
104,48,185,177,0.599271
104,48,183,174,0.566509
103,48,181,173,0.559084
103,47,180,171,0.593451
103,47,180,171,0.595321
103,47,180,171,0.598365
103,47,180,171,0.591888
103,47,181,172,0.578835
104,47,183,173,0.611067
103,43,188,179,0.584407
104,42,190,180,0.545320
106,41,193,180,0.544505
108,41,195,181,0.558073
108,41,195,181,0.566270
108,41,195,180,0.566358
108,41,195,180,0.563689
107,41,195,180,0.569241
106,41,194,180,0.561821
106,41,194,180,0.548197
106,39,197,183,0.527757
107,37,199,183,0.544701
106,36,198,183,0.527906
106,36,198,183,0.527009
105,36,196,183,0.514618
104,36,195,182,0.514290
104,36,195,183,0.515939
104,36,195,183,0.550135
104,37,195,183,0.555799
103,37,195,183,0.587520
102,39,193,182,0.583413
102,39,193,182,0.580219
103,40,193,182,0.580922
103,40,193,182,0.576008
103,40,193,182,0.569961
105,41,194,181,0.555377
106,39,194,178,0.548807
106,39,194,177,0.469076
106,38,195,177,0.480387
105,38,195,179,0.471880
104,38,194,179,0.475331
104,38,194,180,0.467473
104,37,195,181,0.471034
104,36,196,181,0.475910
105,36,197,181,0.493188
106,36,198,181,0.505427
106,35,199,181,0.510490
107,35,199,180,0.519411
107,35,199,180,0.527888
107,35,199,180,0.524556
107,34,200,180,0.518731
106,34,200,180,0.539661
105,34,198,179,0.531941
105,34,197,179,0.550701
106,35,197,178,0.552429
106,35,196,177,0.557792
106,35,195,176,0.578144
106,35,195,176,0.603518
106,35,195,176,0.605011
106,34,196,176,0.603541
106,33,198,179,0.543918
106,33,198,180,0.521573
107,33,199,179,0.514120
108,35,199,180,0.519816
107,36,197,180,0.505279
107,36,196,179,0.498656
107,36,196,178,0.534019
108,36,198,179,0.532433
108,36,199,180,0.520795
108,36,199,180,0.511459
108,36,199,180,0.514328
108,36,199,180,0.512067
108,36,199,180,0.512092
108,36,199,180,0.509549
108,36,199,180,0.508518
108,36,199,180,0.507331
108,36,199,180,0.507062
108,35,200,180,0.506399
106,31,202,183,0.582848
106,31,202,183,0.557289
106,31,203,184,0.545457
106,31,202,183,0.553389
106,31,202,183,0.558551
105,31,201,183,0.556282
105,33,199,182,0.553014
106,33,199,181,0.547638
108,34,200,180,0.547721
108,34,200,179,0.548759
109,36,200,180,0.552829
110,37,200,180,0.535312
110,37,201,181,0.532555
110,37,201,181,0.531766
111,38,201,180,0.528596
110,37,201,180,0.537234
110,38,200,180,0.526572
110,38,200,180,0.535147
110,37,201,180,0.531683
110,37,200,179,0.526775
110,37,200,179,0.514185
110,37,200,179,0.518590
110,37,200,179,0.503883
111,37,201,179,0.509018
112,37,202,179,0.525209
112,37,202,180,0.514954
112,37,202,180,0.506683
109,37,199,180,0.542026
112,42,196,175,0.562131
NaN,NaN,NaN,NaN,NaN
NaN,NaN,NaN,NaN,NaN
NaN,NaN,NaN,NaN,NaN
NaN,NaN,NaN,NaN,NaN
NaN,NaN,NaN,NaN,NaN
NaN,NaN,NaN,NaN,NaN
NaN,NaN,NaN,NaN,NaN
NaN,NaN,NaN,NaN,NaN
NaN,NaN,NaN,NaN,NaN
107,40,195,179,0.555885
108,41,195,179,0.564397
107,41,194,179,0.547631
107,41,194,179,0.549746
109,41,195,178,0.547170
109,42,194,177,0.545157
109,41,194,177,0.554523
110,41,195,176,0.562587
108,41,193,176,0.585080
108,41,193,177,0.562059
NaN,NaN,NaN,NaN,NaN
NaN,NaN,NaN,NaN,NaN
NaN,NaN,NaN,NaN,NaN
NaN,NaN,NaN,NaN,NaN
NaN,NaN,NaN,NaN,NaN
NaN,NaN,NaN,NaN,NaN
NaN,NaN,NaN,NaN,NaN
NaN,NaN,NaN,NaN,NaN
NaN,NaN,NaN,NaN,NaN
NaN,NaN,NaN,NaN,NaN
NaN,NaN,NaN,NaN,NaN
NaN,NaN,NaN,NaN,NaN
NaN,NaN,NaN,NaN,NaN
NaN,NaN,NaN,NaN,NaN
NaN,NaN,NaN,NaN,NaN
NaN,NaN,NaN,NaN,NaN
NaN,NaN,NaN,NaN,NaN
NaN,NaN,NaN,NaN,NaN
NaN,NaN,NaN,NaN,NaN
NaN,NaN,NaN,NaN,NaN
NaN,NaN,NaN,NaN,NaN
NaN,NaN,NaN,NaN,NaN
NaN,NaN,NaN,NaN,NaN
NaN,NaN,NaN,NaN,NaN
NaN,NaN,NaN,NaN,NaN
NaN,NaN,NaN,NaN,NaN
NaN,NaN,NaN,NaN,NaN
NaN,NaN,NaN,NaN,NaN
NaN,NaN,NaN,NaN,NaN
NaN,NaN,NaN,NaN,NaN
NaN,NaN,NaN,NaN,NaN
NaN,NaN,NaN,NaN,NaN
NaN,NaN,NaN,NaN,NaN
NaN,NaN,NaN,NaN,NaN
NaN,NaN,NaN,NaN,NaN
NaN,NaN,NaN,NaN,NaN
NaN,NaN,NaN,NaN,NaN
NaN,NaN,NaN,NaN,NaN
NaN,NaN,NaN,NaN,NaN
NaN,NaN,NaN,NaN,NaN
NaN,NaN,NaN,NaN,NaN
NaN,NaN,NaN,NaN,NaN
NaN,NaN,NaN,NaN,NaN
NaN,NaN,NaN,NaN,NaN
NaN,NaN,NaN,NaN,NaN
NaN,NaN,NaN,NaN,NaN
NaN,NaN,NaN,NaN,NaN
NaN,NaN,NaN,NaN,NaN
NaN,NaN,NaN,NaN,NaN
NaN,NaN,NaN,NaN,NaN
NaN,NaN,NaN,NaN,NaN
NaN,NaN,NaN,NaN,NaN
NaN,NaN,NaN,NaN,NaN
NaN,NaN,NaN,NaN,NaN
NaN,NaN,NaN,NaN,NaN
NaN,NaN,NaN,NaN,NaN
NaN,NaN,NaN,NaN,NaN
NaN,NaN,NaN,NaN,NaN
NaN,NaN,NaN,NaN,NaN
NaN,NaN,NaN,NaN,NaN
NaN,NaN,NaN,NaN,NaN
NaN,NaN,NaN,NaN,NaN
NaN,NaN,NaN,NaN,NaN
NaN,NaN,NaN,NaN,NaN
NaN,NaN,NaN,NaN,NaN
NaN,NaN,NaN,NaN,NaN
NaN,NaN,NaN,NaN,NaN
NaN,NaN,NaN,NaN,NaN
NaN,NaN,NaN,NaN,NaN
NaN,NaN,NaN,NaN,NaN
NaN,NaN,NaN,NaN,NaN
NaN,NaN,NaN,NaN,NaN
NaN,NaN,NaN,NaN,NaN
NaN,NaN,NaN,NaN,NaN
112,40,200,179,0.559585
111,41,198,179,0.574704
110,41,197,178,0.558644
111,41,197,177,0.564467
111,41,197,177,0.567534
111,41,197,177,0.561795
110,40,197,178,0.559036
110,41,197,178,0.552121
112,40,200,178,0.556354
115,35,205,176,0.537154
116,35,207,178,0.539226
115,35,207,179,0.550961
114,36,205,179,0.560776
111,37,202,180,0.543570
110,37,201,179,0.531098
108,37,198,178,0.539491
108,36,197,177,0.556863
109,37,197,177,0.566163
110,37,198,177,0.559082
110,37,198,177,0.559229
110,38,197,177,0.562516
111,39,197,177,0.545968
112,39,199,177,0.555475
113,39,200,176,0.553940
113,39,200,177,0.567311
113,39,200,177,0.556452
113,39,200,177,0.555557
112,38,200,177,0.553946
111,37,200,177,0.556114
110,36,200,178,0.547744
110,36,200,178,0.540446
110,36,200,178,0.539730
110,36,200,178,0.537116
109,35,200,179,0.538798
108,34,200,179,0.547074
108,35,200,180,0.552467
108,35,200,180,0.554415
108,35,200,180,0.555779
108,35,200,180,0.554278
108,35,200,180,0.556799
108,35,200,180,0.555773
108,35,200,180,0.559034
108,35,200,180,0.555420
108,35,200,180,0.557571
108,35,200,180,0.556304
108,35,200,180,0.555381
108,35,200,180,0.557363
108,35,200,180,0.556316
108,35,200,180,0.556530
108,34,201,180,0.554620
108,34,202,181,0.560851
108,34,202,182,0.557712
108,34,202,183,0.559514
108,34,202,184,0.560411
108,35,201,184,0.567511
108,35,200,183,0.567078
108,35,200,182,0.568410
108,35,200,181,0.565241
108,35,200,180,0.556081
108,35,200,180,0.553923
108,35,200,180,0.554803
108,35,200,180,0.554556
108,35,200,180,0.555219
108,35,200,180,0.555061
108,35,200,180,0.556003
110,35,202,181,0.554920
109,34,202,182,0.552431
110,33,204,183,0.567966
110,34,205,186,0.580581
109,34,204,186,0.605533
108,34,203,186,0.601615
108,34,203,187,0.595889
108,34,203,187,0.610456
108,34,203,187,0.620770
108,34,203,187,0.617208
108,34,203,187,0.622895
108,34,203,187,0.618652
108,34,203,187,0.620180
107,34,202,187,0.625983
107,34,202,187,0.592943
108,33,203,186,0.561932
107,33,202,186,0.588721
108,34,202,184,0.584179
108,35,201,182,0.578353
108,35,200,181,0.577211
108,36,199,181,0.566705
108,36,199,181,0.567762
108,36,199,181,0.568488
109,36,201,182,0.574796
110,37,201,182,0.566631
110,35,203,183,0.594357
111,35,204,184,0.597630
113,35,206,183,0.601824
114,34,208,184,0.594084
116,33,211,184,0.591909
114,33,209,184,0.608721
113,33,208,184,0.614364
112,33,207,184,0.616649
111,33,206,184,0.610882
110,33,204,182,0.609352
110,33,203,181,0.602886
110,33,202,180,0.595378
110,34,201,180,0.585637
110,34,200,179,0.575427
110,34,200,178,0.579027
110,34,200,177,0.577942
110,34,200,176,0.590069
110,34,199,176,0.602618
109,35,198,177,0.584835
109,36,199,179,0.575972
108,35,199,179,0.576750
108,34,200,179,0.578582
108,34,201,180,0.575387
108,34,202,181,0.575216
108,34,202,182,0.575418
108,34,202,183,0.588073
108,34,202,184,0.590984
108,34,202,184,0.601413
108,34,202,184,0.600064
108,34,202,184,0.602000
108,34,202,184,0.602078
108,34,202,184,0.601125
108,34,202,184,0.602866
108,34,202,184,0.591939
105,36,197,183,0.582916
104,35,196,182,0.566498
105,37,195,182,0.573046
105,38,195,181,0.558319
105,39,194,180,0.556233
106,40,194,180,0.554088
106,41,193,180,0.561732
106,41,193,180,0.557823
106,41,193,180,0.557286
106,41,193,180,0.559146
106,41,193,180,0.560395
106,41,193,180,0.559162
106,41,193,180,0.560038
107,40,195,180,0.558477
107,40,195,180,0.563596
107,40,195,180,0.561444
107,40,195,180,0.561555
107,40,195,180,0.559704
107,40,195,180,0.558212
107,40,195,180,0.561274
105,41,192,179,0.562966
105,44,188,177,0.603339
106,45,188,176,0.608063
106,45,187,175,0.571217
106,44,188,175,0.568165
107,44,189,175,0.556175
110,42,192,173,0.563047
110,40,193,173,0.561729
112,39,195,173,0.555663
114,38,198,173,0.550972
114,38,198,173,0.547665
113,38,197,173,0.547159
110,39,194,174,0.536758
107,40,191,175,0.561702
104,42,188,175,0.578482
103,44,186,176,0.574532
102,45,184,176,0.537895
101,45,183,176,0.541046
102,44,186,177,0.561185
102,44,187,178,0.587827
103,44,189,180,0.586900
104,44,190,181,0.574043
106,45,192,181,0.547232
106,46,191,180,0.555245
107,45,192,179,0.546824
107,46,191,179,0.592118
109,44,194,178,0.577346
112,42,199,179,0.608636
115,41,204,181,0.599103
119,40,209,180,0.626003
123,37,215,181,0.656509
122,36,215,181,0.660249
121,37,212,180,0.651899
119,36,210,179,0.657681
118,35,210,179,0.634375
118,34,211,179,0.626993
117,34,210,180,0.641670
117,35,209,179,0.634676
116,37,205,178,0.596187
114,39,200,176,0.631369
113,39,199,175,0.647622
111,41,196,176,0.591850
111,41,196,177,0.568170
111,40,197,177,0.588666
111,40,198,178,0.566577
110,40,197,178,0.552707
109,40,196,178,0.552675
108,40,195,178,0.549723
106,42,190,175,0.571274
102,44,184,173,0.624104
98,46,179,174,0.586912
97,45,178,173,0.575572
99,43,181,172,0.557594
100,43,182,173,0.601499
102,42,187,177,0.565522
102,40,190,180,0.537851
101,39,190,180,0.537079
87,29,185,185,0.539104
76,25,180,190,0.538925
70,28,177,198,0.588028
70,32,175,199,0.567145
70,29,172,191,0.586927
65,26,168,189,0.577894
60,26,164,191,0.545964
58,27,162,192,0.556424
59,25,163,190,0.550790
61,23,165,188,0.570535
60,22,164,187,0.568708
57,23,159,185,0.581141
59,23,161,186,0.583814
58,20,164,189,0.557123
63,16,173,192,0.534917
69,13,181,192,0.543980
76,8,190,191,0.555210
80,4,198,193,0.581726
77,2,198,196,0.592736
72,-2,197,198,0.573531
67,-6,196,201,0.532032
64,-6,195,204,0.518928
58,-7,193,209,0.519304
54,-6,190,212,0.497998
53,-3,188,214,0.509606
53,-2,188,214,0.509862
53,-2,187,213,0.510632
53,-2,186,211,0.505650
53,-2,185,210,0.497778
53,-3,185,209,0.495602
52,-6,185,208,0.502029
51,-9,185,206,0.526212
51,-10,185,204,0.512728
56,-8,188,202,0.510022
60,-8,190,200,0.500455
66,-5,192,196,0.522275
75,0,195,191,0.541625
86,3,200,185,0.547657
92,3,206,185,0.515090
98,7,210,185,0.511764
101,8,213,186,0.509976
103,8,215,186,0.510451
103,9,215,187,0.497268
102,9,214,187,0.505430
102,9,215,188,0.496224
102,9,215,189,0.506855
102,9,215,189,0.505276
102,9,214,188,0.505283
102,9,214,188,0.506290
102,9,214,188,0.497684
102,9,214,188,0.499035
102,9,214,189,0.492695
102,9,215,190,0.492420
102,9,215,190,0.486921
101,9,214,189,0.494937
101,9,213,188,0.494122
101,9,212,187,0.500085
101,9,212,187,0.498440
101,9,212,187,0.502329
101,9,212,187,0.501320
101,9,212,187,0.504024
101,9,212,187,0.504415
101,9,212,187,0.505161
101,9,212,187,0.501807
101,9,212,187,0.501664
101,9,212,187,0.496367
101,9,212,186,0.501688
101,9,212,186,0.499062
101,9,212,186,0.496280
101,9,212,186,0.488904
101,9,212,186,0.494953
101,9,212,186,0.485495
101,9,212,186,0.464828
102,13,210,186,0.463365
102,16,209,186,0.477363
102,19,209,188,0.498425
103,20,209,187,0.501651
104,21,209,187,0.496792
105,22,209,187,0.498998
105,22,209,187,0.506499
105,22,209,187,0.509472
105,22,209,187,0.507156
105,23,209,189,0.518405
105,24,209,190,0.511407
105,24,209,190,0.511600
105,24,209,190,0.512369
105,23,209,189,0.511406
105,23,209,189,0.509678
106,24,209,189,0.515224
106,25,208,189,0.527752
106,26,207,189,0.529220
106,26,207,188,0.520201
145,33,225,160,0.725084
146,31,224,155,0.680738
147,29,224,151,0.642418
148,29,225,150,0.628764
148,29,225,150,0.624176
148,29,225,151,0.631149
148,29,225,151,0.632631
148,29,225,151,0.624466
148,29,225,151,0.636384
148,30,225,153,0.628197
148,31,225,154,0.630444
147,33,224,157,0.656470
146,34,223,158,0.645327
146,35,223,159,0.651763
146,36,223,160,0.668444
146,36,223,160,0.658882
146,36,223,160,0.651574
150,36,227,161,0.630438
158,38,234,162,0.638859
159,38,235,162,0.640201
158,38,234,162,0.636545
157,38,233,162,0.640765
155,38,231,162,0.609366
150,37,227,162,0.655320
146,37,223,162,0.679429
145,37,222,162,0.679466
145,38,222,163,0.672052
146,38,223,163,0.653516
149,38,226,163,0.645330
149,38,226,163,0.650779
148,38,225,163,0.627395
147,38,224,163,0.641085
145,38,222,163,0.669994
144,37,221,162,0.711187
144,36,221,161,0.729166
144,35,221,160,0.718212
144,34,221,158,0.680757
144,34,221,158,0.690991
144,34,221,158,0.678425
144,35,221,159,0.662417
144,36,221,160,0.670040
144,37,220,160,0.694841
143,38,219,160,0.704835
138,38,214,159,0.668814
138,38,214,159,0.640389
140,37,216,158,0.598485
140,38,217,160,0.624384
138,40,215,162,0.618559
138,40,215,163,0.637241
138,41,215,164,0.633601
138,40,215,163,0.623269
139,40,216,163,0.632004
142,40,219,163,0.696096
142,37,218,159,0.718539
142,37,218,158,0.730054
145,37,220,157,0.757104
149,37,225,158,0.656447
154,37,230,158,0.689292
158,37,234,158,0.685041
160,37,236,158,0.676653
160,37,236,158,0.677831
159,37,235,158,0.682737
158,37,234,158,0.685460
158,37,234,158,0.683443
158,37,234,158,0.675780
156,37,232,159,0.676039
154,37,231,160,0.685817
152,37,230,161,0.686903
151,37,229,161,0.703736
150,37,228,161,0.673940
149,37,227,161,0.681198
148,37,226,161,0.679296
147,37,225,161,0.676297
146,37,224,161,0.672025
146,37,224,161,0.670658
147,37,225,161,0.671429
147,37,225,161,0.670698
147,37,225,161,0.678286
147,37,225,161,0.674068
147,37,225,161,0.668224
147,37,225,161,0.675955
147,37,225,161,0.684071
147,37,225,161,0.680579
147,37,225,161,0.678863
147,37,225,161,0.678892
147,37,225,161,0.678899
147,37,225,161,0.678931
147,37,225,161,0.679186
147,37,225,161,0.676028
146,37,224,161,0.675714
145,37,223,161,0.669587
144,37,222,161,0.670192
143,37,221,161,0.670381
143,37,221,161,0.651527
143,37,221,162,0.651981
143,37,221,162,0.651524
143,37,221,162,0.650156
143,37,221,162,0.648421
143,37,221,162,0.650069
143,37,221,162,0.649892
143,37,221,162,0.648380
143,37,221,162,0.646660
143,37,221,162,0.642461
143,37,221,162,0.644545
142,37,220,162,0.582330
140,37,218,162,0.620064
139,37,217,162,0.650046
139,37,217,162,0.613421
139,35,217,159,0.661716
136,35,214,160,0.625144
135,35,213,160,0.610141
135,35,213,160,0.612274
135,35,213,160,0.613997
136,35,214,160,0.632466
143,36,222,163,0.635332
150,38,232,169,0.646527
156,40,240,173,0.570977
163,42,248,176,0.580746
168,43,254,178,0.574076
169,43,255,178,0.580692
167,42,253,177,0.581528
163,40,248,174,0.567219
150,36,235,170,0.572077
140,36,223,166,0.510369
131,37,210,161,0.453652
126,38,202,158,0.481296
126,37,202,157,0.480232
127,36,203,157,0.482126
128,36,205,158,0.473770
132,34,212,160,0.493902
134,34,214,161,0.528397
133,34,212,160,0.526995
132,34,211,160,0.520541
131,34,210,160,0.515774
130,34,209,160,0.512713
130,34,209,160,0.514424
130,34,209,160,0.520573
130,34,209,160,0.523868
130,34,209,160,0.523316
130,34,209,160,0.524555
130,34,209,160,0.523672
130,34,209,160,0.522153
130,34,209,160,0.522537
130,34,209,160,0.522943
126,36,204,161,0.535231
113,39,191,163,0.466506
96,41,173,164,0.467554
86,44,161,163,0.425339
84,46,157,161,0.473546
84,47,156,161,0.483440
84,45,159,163,0.450827
92,39,174,168,0.456286
106,34,194,172,0.601627
106,33,195,173,0.542600
107,32,197,173,0.515007
107,31,198,173,0.530612
108,32,198,173,0.530181
109,34,198,174,0.537100
110,35,198,173,0.537437
109,36,196,173,0.540161
110,36,197,173,0.538949
110,36,197,174,0.538294
110,36,197,175,0.537307
110,36,197,175,0.540668
110,36,197,175,0.542143
110,36,197,175,0.542679
110,36,197,175,0.542540
110,36,198,177,0.568890
111,35,200,177,0.581243
113,34,205,180,0.585478
120,31,217,185,0.511104
121,31,219,185,0.536474
121,31,220,186,0.507734
121,31,220,186,0.508274
120,32,218,186,0.515932
119,33,216,185,0.521364
119,34,214,183,0.532515
118,35,211,180,0.543773
118,36,209,180,0.551435
118,37,208,179,0.557972
118,39,206,178,0.576454
115,40,202,178,0.567114
115,40,202,177,0.564370
111,40,197,175,0.551182
111,38,197,174,0.537368
111,36,199,175,0.540736
110,36,199,176,0.520897
110,36,199,177,0.524787
110,35,199,175,0.539170
112,33,200,172,0.540155
118,31,204,167,0.502946
119,31,207,171,0.533781
119,31,207,172,0.532056
119,30,208,172,0.547487
119,30,208,172,0.530677
119,30,208,172,0.533802
119,30,208,172,0.537164
119,30,208,172,0.535744
119,30,208,172,0.537368
119,30,208,172,0.538029
119,30,208,172,0.537394
119,30,208,172,0.532969
120,30,209,172,0.533013
120,30,209,171,0.527367
121,31,210,172,0.483527
119,30,210,174,0.476102
119,30,210,174,0.474900
120,30,211,174,0.495809
120,30,212,175,0.496289
119,29,212,176,0.501833
119,29,212,176,0.502272
119,29,212,176,0.505373
117,28,210,175,0.515828
118,28,211,174,0.508740
118,28,211,174,0.500922
118,28,211,174,0.503164
118,28,211,174,0.499026
117,29,209,174,0.530783
116,32,206,174,0.520816
115,33,205,175,0.564558
116,34,206,176,0.596952
116,36,205,177,0.602663
116,37,205,178,0.590443
116,39,204,178,0.604288
116,39,203,177,0.648653
116,40,202,177,0.628069
116,40,202,176,0.643716
116,40,202,176,0.632984
122,37,211,178,0.625081
126,34,216,178,0.604083
127,31,219,178,0.580014
123,30,215,176,0.545331
121,29,213,175,0.527430
120,28,212,174,0.522833
119,28,211,174,0.474850
118,28,210,174,0.493329
118,28,210,174,0.496700
117,27,211,175,0.468308
117,26,213,176,0.420874
117,26,213,177,0.448434
115,26,210,176,0.466760
116,26,210,176,0.435387
116,26,210,176,0.433467
116,26,210,176,0.421552
116,26,210,176,0.440135
116,26,210,176,0.438068
116,26,210,176,0.439531
116,26,210,176,0.438970
116,26,210,176,0.423943
116,26,211,176,0.430244
153,41,233,168,0.686284
146,40,225,166,0.595213
143,40,221,165,0.541822
141,39,218,163,0.545669
140,38,217,162,0.522747
140,37,218,161,0.511023
141,37,219,162,0.507331
141,37,219,162,0.508916
141,37,219,162,0.504939
140,37,218,162,0.503149
140,37,218,162,0.509791
139,37,217,162,0.501594
134,37,212,162,0.519854
126,38,203,162,0.471085
120,41,195,162,0.433076
112,44,186,162,0.461061
111,31,207,183,0.637170
106,32,201,183,0.591268
105,32,200,183,0.601722
105,32,200,183,0.602387
105,32,200,183,0.601170
105,32,200,183,0.600232
106,32,201,183,0.593392
107,32,202,183,0.591081
107,32,202,183,0.592476
107,32,202,183,0.591958
107,32,202,183,0.590702
109,31,204,182,0.608843
116,30,212,182,0.640687
124,29,221,182,0.596107
129,29,226,182,0.578157
128,28,226,182,0.559275
127,28,225,182,0.591466
126,28,224,182,0.622951
124,28,222,182,0.629323
123,28,221,182,0.611069
122,28,220,182,0.612263
120,27,217,180,0.612572
119,27,216,180,0.587925
118,27,215,180,0.568742
117,27,214,180,0.555086
117,27,214,180,0.540043
117,27,214,180,0.538378
117,27,214,180,0.533776
117,27,214,180,0.534501
117,27,214,180,0.534451
117,27,214,180,0.533624
117,27,214,180,0.534001
117,27,214,180,0.542613
117,26,215,181,0.507940
117,26,216,181,0.493512
117,25,215,179,0.472632
117,24,215,178,0.464525
117,24,215,178,0.461264
117,24,215,178,0.458535
117,24,215,178,0.459482
117,24,215,178,0.460010
117,24,215,178,0.460280
117,24,215,178,0.458715
117,24,215,178,0.455839
117,24,215,178,0.456419
117,24,215,178,0.457020
117,24,215,178,0.455558
117,24,215,178,0.455501
118,24,216,178,0.459308
118,25,215,178,0.460538
113,27,210,179,0.475001
110,29,205,179,0.494883
109,30,203,179,0.497148
108,30,202,179,0.516926
109,29,203,179,0.503402
110,29,204,179,0.492705
111,29,204,177,0.487467
112,30,204,176,0.452300
113,30,204,175,0.482604
112,31,203,175,0.486201
113,30,205,176,0.489925
115,28,210,178,0.497715
121,26,218,179,0.519486
121,25,218,179,0.508426
120,25,217,179,0.522188
120,25,218,179,0.531123
119,25,217,179,0.529529
118,25,215,178,0.521551
117,25,214,178,0.495224
117,25,214,178,0.490611
115,27,212,180,0.540732
112,28,209,181,0.554045
108,30,204,181,0.543210
105,31,200,181,0.536797
104,32,199,181,0.540978
105,32,200,181,0.547282
107,32,202,181,0.563858
111,31,206,181,0.551419
116,29,212,180,0.554653
121,27,218,179,0.543879
124,27,221,180,0.514685
126,26,224,180,0.510242
128,26,226,180,0.485182
129,25,229,182,0.458753
130,24,232,184,0.464907
134,23,236,184,0.437745
136,20,240,185,0.439442
141,18,248,187,0.411717
145,17,255,191,0.404034
149,16,261,193,0.422275
149,15,263,195,0.451404
151,15,266,197,0.468929
155,14,272,199,0.441739
155,14,272,199,0.446082
155,14,272,198,0.440494
154,14,271,198,0.439641
153,14,270,197,0.445336
153,14,270,196,0.438668
153,14,270,196,0.441487
153,14,270,196,0.442424
155,15,273,198,0.443358
158,15,277,199,0.477960
163,14,283,200,0.485446
162,12,284,202,0.513604
162,12,284,202,0.509260
162,12,284,202,0.505368
162,12,284,202,0.505096
162,12,284,202,0.506216
162,12,284,202,0.507763
162,12,284,202,0.506518
162,12,284,202,0.504848
162,12,284,202,0.506683
162,11,285,203,0.502443
162,11,285,204,0.497634
162,11,285,204,0.498321
162,11,285,204,0.504438
162,11,285,204,0.503429
162,11,285,204,0.502642
162,11,285,204,0.503449
162,11,285,204,0.504164
162,11,285,204,0.504508
162,11,285,204,0.505537
162,11,285,204,0.504969
162,11,285,204,0.505739
162,11,285,204,0.506613
162,11,285,204,0.504999
162,11,285,204,0.506716
162,11,285,204,0.507555
162,11,285,204,0.507047
162,11,285,204,0.508033
162,11,285,204,0.508289
162,11,285,204,0.509833
162,11,285,204,0.507847
162,11,285,204,0.508241
162,11,285,204,0.509559
162,11,285,204,0.510394
162,11,285,204,0.508689
162,11,285,204,0.509637
162,11,285,204,0.511397
162,11,285,204,0.512975
162,11,285,204,0.515513
162,12,284,204,0.496043
162,12,284,204,0.484049
162,12,283,203,0.437760
163,14,282,202,0.441430
162,15,280,202,0.432207
160,16,276,200,0.469300
151,18,265,199,0.483281
141,19,254,198,0.464367
135,19,247,196,0.507617
128,20,238,194,0.535875
127,20,236,193,0.536743
128,19,237,192,0.537143
128,19,237,193,0.529310
128,20,236,192,0.524029
128,20,236,192,0.535264
128,20,236,192,0.532378
126,21,232,190,0.533313
125,22,229,188,0.542326
124,23,227,187,0.562666
124,24,226,186,0.569767
124,24,225,184,0.575125
124,24,224,183,0.557374
124,24,223,182,0.557135
124,24,222,181,0.548762
123,24,221,180,0.546499
122,24,220,179,0.545760
121,24,219,178,0.536949
120,24,218,178,0.531978
119,25,217,179,0.525440
118,26,216,180,0.518094
118,26,216,180,0.514329
117,26,214,179,0.503856
116,26,213,180,0.483875
116,26,213,180,0.465436
116,27,213,181,0.458901
116,27,213,181,0.459050
116,27,213,180,0.454875
116,27,213,180,0.457496
116,27,213,180,0.457438
116,27,213,180,0.464080
116,27,213,180,0.467511
116,27,213,180,0.466706
116,28,213,181,0.464848
116,28,213,181,0.489300
116,28,213,181,0.498145
117,29,214,182,0.485871
119,29,216,183,0.544440
120,29,217,183,0.557335
120,28,218,183,0.553385
121,26,220,183,0.533460
123,26,222,183,0.519973
123,26,221,182,0.515021
123,26,221,181,0.502745
123,27,220,181,0.508058
123,27,220,181,0.509947
123,27,220,181,0.496781
123,27,220,181,0.491538
122,27,219,180,0.487710
122,27,219,179,0.482723
122,27,219,179,0.480624
123,26,220,178,0.469247
123,26,220,178,0.461894
122,27,219,179,0.456271
122,28,219,180,0.470471
120,29,217,181,0.530135
119,29,216,181,0.523891
118,29,215,181,0.513336
118,29,215,181,0.510325
118,29,215,181,0.508749
118,29,215,181,0.511684
118,29,215,181,0.508250
118,29,215,181,0.508392
118,29,215,181,0.507782
119,30,214,179,0.496015
123,30,216,175,0.489800
124,30,217,176,0.518619
124,30,217,176,0.521025
124,29,218,178,0.518894
125,29,218,177,0.526022
125,29,219,178,0.527461
125,29,219,179,0.533963
125,29,219,179,0.543047
125,29,219,179,0.542302
125,29,219,179,0.541287
125,29,219,179,0.545014
124,29,219,180,0.544475
123,29,218,180,0.556142
122,29,217,180,0.558101
122,29,217,180,0.562320
122,29,217,180,0.562183
122,29,217,180,0.554582
123,29,218,180,0.550202
122,29,217,180,0.550654
122,29,217,180,0.541891
122,29,217,180,0.544423
122,29,217,180,0.541764
123,29,218,180,0.543225
122,29,217,180,0.550567
123,29,218,180,0.552061
123,29,218,180,0.551495
123,29,218,180,0.550512
123,29,218,180,0.552269
123,29,218,180,0.552585
123,29,218,180,0.555082
122,29,217,180,0.556827
122,29,217,180,0.557851
122,29,217,180,0.559313
122,29,217,180,0.562274
122,29,217,180,0.554944
123,29,218,180,0.546717
123,29,218,180,0.552474
123,29,218,180,0.547491
123,29,218,180,0.547827
123,29,218,180,0.552925
123,29,218,180,0.551335
122,29,217,180,0.554338
122,29,217,180,0.549338
122,29,217,180,0.546413
122,29,217,180,0.546810
122,28,219,181,0.551718
123,28,220,181,0.519798
122,26,220,181,0.519849
122,26,220,180,0.503700
121,27,218,180,0.518216
121,27,218,181,0.531571
121,27,219,182,0.509371
121,27,219,182,0.515431
121,27,218,181,0.513149
121,26,218,180,0.518781
121,26,218,180,0.498528
122,26,219,179,0.485257
123,26,220,179,0.493391
123,26,220,179,0.479718
123,26,220,179,0.475090
123,26,220,179,0.469521
123,26,220,179,0.468557
123,26,220,179,0.469921
123,26,220,179,0.473274
123,26,220,179,0.474795
123,26,220,179,0.475942
123,26,220,179,0.476862
123,26,220,179,0.480027
123,26,220,179,0.479368
123,26,220,179,0.479555
123,26,220,179,0.479526
123,26,220,179,0.478494
123,26,220,179,0.480681
123,26,220,179,0.481247
123,26,220,179,0.481307
123,26,220,179,0.480683
123,26,220,179,0.479658
123,26,220,179,0.480071
123,26,220,179,0.480010
123,26,220,179,0.479912
123,26,220,179,0.480515
123,26,220,179,0.478442
123,26,220,179,0.469372
122,27,218,179,0.470132
122,27,217,178,0.458314
123,27,218,179,0.470946
123,27,218,179,0.477267
123,27,218,179,0.472402
123,27,218,179,0.476604
123,27,218,179,0.472637
123,27,218,179,0.474320
123,27,218,179,0.471005
123,27,218,179,0.472340
123,27,218,179,0.473968
123,27,218,179,0.477528
123,27,218,179,0.480069
123,27,218,179,0.481140
123,27,218,179,0.478381
123,27,218,179,0.481239
123,27,218,179,0.484688
123,28,217,178,0.499459
123,29,217,177,0.523714
123,29,217,178,0.470466
123,28,218,179,0.490682
123,28,218,179,0.488828
123,28,218,178,0.484609
123,28,218,178,0.491749
123,27,218,177,0.493482
123,27,218,177,0.485897
124,26,219,176,0.489319
125,26,220,176,0.480446
125,26,220,176,0.478750
125,25,220,175,0.483708
125,24,220,174,0.468323
125,24,220,174,0.457097
125,24,220,174,0.458025
125,24,220,174,0.458090
125,24,220,174,0.457850
125,24,220,174,0.453093
125,24,220,174,0.454510
125,24,220,174,0.454302
125,24,220,174,0.450815
125,24,220,174,0.452288
125,24,220,174,0.449409
125,24,220,174,0.451202
125,24,220,174,0.451396
125,24,220,174,0.448778
125,24,220,174,0.448613
125,24,220,174,0.450888
125,24,220,174,0.450739
125,24,220,174,0.448603
125,24,220,174,0.451585
125,24,220,174,0.451452
125,24,220,174,0.447981
125,24,220,174,0.448676
125,24,220,174,0.451187
125,24,220,174,0.449743
125,24,220,174,0.448293
126,24,221,174,0.448648
126,25,221,176,0.467458
126,24,221,175,0.476319
126,25,221,176,0.469299
126,25,221,176,0.477111
126,24,221,175,0.478623
126,24,221,175,0.468221
126,24,221,175,0.471316
126,24,221,175,0.470499
126,24,221,175,0.469069
126,24,221,175,0.471431
126,24,221,175,0.469538
126,24,221,175,0.467960
126,24,221,175,0.471185
126,24,221,175,0.468977
126,24,221,175,0.469660
126,24,221,175,0.470389
126,24,221,175,0.470019
126,24,221,175,0.468983
126,24,221,175,0.468933
126,24,221,175,0.467382
126,24,221,175,0.469674
126,24,221,175,0.466909
126,24,221,175,0.467855
126,24,221,175,0.465752
126,24,221,175,0.467058
126,24,221,175,0.457072
126,25,221,176,0.453854
126,25,221,176,0.460354
126,25,221,176,0.460123
126,25,221,176,0.458342
126,26,221,177,0.469571
126,26,221,177,0.481564
126,26,221,177,0.470408
126,26,221,177,0.474721
126,26,221,177,0.462067
126,27,220,177,0.498005
126,27,220,177,0.472489
126,27,220,177,0.481980
126,27,220,177,0.457344
126,27,220,177,0.470968
126,27,220,177,0.467653
126,26,221,177,0.460655
126,26,220,176,0.468506
126,28,218,175,0.456028
126,29,217,175,0.457574
126,29,217,174,0.440909
125,30,215,173,0.429547
123,28,213,171,0.402374
123,28,213,170,0.377165
123,28,213,170,0.379024
122,26,212,168,0.376711
120,24,210,166,0.387071
119,22,209,164,0.397468
118,22,207,163,0.403625
118,21,206,161,0.402697
118,21,205,160,0.397659
118,20,205,158,0.398210
119,17,206,155,0.391616
121,13,208,151,0.387917
124,7,211,145,0.378580
128,2,215,140,0.385663
134,-8,225,137,0.413178
139,-14,233,136,0.419939
144,-22,247,143,0.458165
143,-24,249,145,0.453233
143,-24,250,146,0.468799
116,31,212,183,0.514381
117,30,213,182,0.523914
118,30,214,182,0.537060
119,29,216,182,0.554763
120,29,217,182,0.547515
122,28,219,181,0.550718
123,28,220,181,0.513755
123,28,220,181,0.522218
123,28,220,181,0.525257
123,28,220,181,0.514474
123,28,220,181,0.480995
123,28,219,180,0.499154
122,29,217,180,0.540683
121,30,215,180,0.547972
121,30,215,180,0.515650
119,29,214,180,0.495133
119,29,213,178,0.485123
119,30,211,176,0.482288
118,30,210,175,0.473581
115,28,206,172,0.461797
112,25,203,169,0.456154
109,23,200,168,0.471521
107,22,198,167,0.484636
107,22,198,167,0.480177
106,22,197,167,0.475707
106,22,197,167,0.476276
106,22,197,167,0.482349
106,22,197,167,0.482128
106,21,197,166,0.478874
106,21,197,166,0.467928
105,20,197,167,0.440620
103,18,198,169,0.410527
102,17,198,170,0.406189
102,17,199,171,0.401913
102,17,199,172,0.408243
101,17,198,173,0.436150
100,16,198,174,0.443279
97,14,197,176,0.460213
92,13,193,177,0.473575
86,10,191,180,0.440821
79,8,189,186,0.444480
73,8,187,193,0.470030
68,10,185,200,0.505750
62,11,182,206,0.478627
54,12,178,213,0.456827
47,11,177,222,0.467549
44,6,181,228,0.465864
43,4,183,231,0.469871
42,3,184,233,0.457980
40,2,185,237,0.465205
38,0,186,240,0.451547
34,0,183,241,0.439208
32,-1,180,239,0.439637
29,-3,176,236,0.412027
28,-6,174,232,0.415363
31,-6,174,228,0.408617
42,-4,178,218,0.459749
51,-2,179,207,0.432152
57,2,179,201,0.459392
59,5,178,198,0.477851
63,7,179,195,0.448615
65,9,178,192,0.480277
65,9,178,191,0.485535
68,10,180,191,0.488676
68,10,180,191,0.480365
68,10,180,190,0.459881
68,10,180,190,0.461952
68,10,180,190,0.440143
68,10,180,190,0.445248
68,10,180,190,0.448337
68,10,180,190,0.452657
68,10,180,190,0.456400
68,10,180,190,0.448713
68,10,180,190,0.440000
68,10,180,190,0.444483
68,10,180,190,0.466750
68,10,180,190,0.509077
68,10,180,190,0.489112
68,10,180,189,0.505189
68,8,180,187,0.490502
67,7,180,187,0.492824
63,6,177,188,0.475507
57,3,172,186,0.481561
55,2,169,184,0.497680
52,1,165,182,0.519727
53,2,164,180,0.512626
54,3,164,179,0.495836
54,3,165,181,0.483040
54,3,166,182,0.479258
54,3,166,182,0.478276
55,4,166,181,0.466068
55,4,166,181,0.445427
51,3,163,182,0.464868
49,0,161,180,0.463923
48,-2,159,176,0.469087
48,-2,157,173,0.486484
51,1,156,170,0.499210
51,2,155,170,0.500089
51,3,154,170,0.474144
50,1,153,168,0.510036
46,0,149,168,0.508716
44,-3,147,166,0.502744
45,-5,148,164,0.502731
52,-8,154,159,0.496310
61,-10,164,159,0.485826
64,-9,168,162,0.510863
67,-7,171,165,0.503017
68,-5,172,167,0.511464
68,-3,172,169,0.513199
69,3,171,172,0.482778
69,8,171,176,0.525877
69,12,171,181,0.495553
73,15,174,182,0.413311
73,15,174,182,0.425721
73,15,174,181,0.451178
79,13,180,178,0.463663
85,12,186,177,0.478367
88,11,190,178,0.490573
91,12,194,181,0.498899
92,13,196,184,0.483257
93,13,198,185,0.487685
96,14,202,187,0.434505
102,13,208,187,0.448590
108,11,214,185,0.488238
111,12,216,185,0.504323
113,12,218,185,0.520369
116,13,221,186,0.521056
120,14,225,188,0.521036
126,15,231,189,0.506996
134,15,239,189,0.509164
142,14,247,189,0.487386
153,12,259,189,0.496336
166,9,272,187,0.494503
180,6,286,184,0.485681
193,3,299,181,0.474984
202,1,308,180,0.492701
209,0,315,179,0.495576
213,1,319,180,0.493936
218,1,324,180,0.485922
220,1,326,180,0.483942
225,2,332,182,0.481610
231,2,338,182,0.491559
236,3,343,183,0.500852
240,3,347,183,0.476736
242,3,349,183,0.499822
243,3,350,183,0.513924
245,2,352,181,0.525848
249,2,357,182,0.516857
255,2,363,183,0.503408
260,1,368,182,0.490211
266,0,375,183,0.496792
266,0,376,184,0.500419
274,-1,383,182,0.496517
274,-1,383,183,0.498583
274,-1,383,182,0.513391
274,-1,383,181,0.510094
274,-1,383,181,0.509471
274,-1,383,181,0.510845
274,-1,383,181,0.508539
274,-1,383,181,0.509128
274,-1,383,181,0.507978
274,-1,383,181,0.507043
274,-1,383,181,0.507044
274,-1,383,181,0.506641
274,-1,383,181,0.507534
274,-1,383,181,0.505601
274,-1,383,181,0.506401
274,-1,383,181,0.505647
274,-1,383,181,0.505660
274,-1,383,182,0.510948
274,-1,383,182,0.504177
274,-1,383,182,0.505389
274,-1,383,182,0.506409
274,-1,383,182,0.501993
274,-1,383,182,0.505006
274,-1,383,182,0.498560
274,-1,383,182,0.504441
274,-1,383,182,0.497205
274,-1,383,182,0.491980
274,-1,383,181,0.509985
NaN,NaN,NaN,NaN,NaN
NaN,NaN,NaN,NaN,NaN
NaN,NaN,NaN,NaN,NaN
NaN,NaN,NaN,NaN,NaN
NaN,NaN,NaN,NaN,NaN
NaN,NaN,NaN,NaN,NaN
NaN,NaN,NaN,NaN,NaN
NaN,NaN,NaN,NaN,NaN
NaN,NaN,NaN,NaN,NaN
NaN,NaN,NaN,NaN,NaN
NaN,NaN,NaN,NaN,NaN
NaN,NaN,NaN,NaN,NaN
NaN,NaN,NaN,NaN,NaN
NaN,NaN,NaN,NaN,NaN
NaN,NaN,NaN,NaN,NaN
NaN,NaN,NaN,NaN,NaN
NaN,NaN,NaN,NaN,NaN
NaN,NaN,NaN,NaN,NaN
NaN,NaN,NaN,NaN,NaN
NaN,NaN,NaN,NaN,NaN
NaN,NaN,NaN,NaN,NaN
NaN,NaN,NaN,NaN,NaN
NaN,NaN,NaN,NaN,NaN
NaN,NaN,NaN,NaN,NaN
NaN,NaN,NaN,NaN,NaN
NaN,NaN,NaN,NaN,NaN
NaN,NaN,NaN,NaN,NaN
NaN,NaN,NaN,NaN,NaN
NaN,NaN,NaN,NaN,NaN
NaN,NaN,NaN,NaN,NaN
NaN,NaN,NaN,NaN,NaN
NaN,NaN,NaN,NaN,NaN
NaN,NaN,NaN,NaN,NaN
NaN,NaN,NaN,NaN,NaN
NaN,NaN,NaN,NaN,NaN
NaN,NaN,NaN,NaN,NaN
NaN,NaN,NaN,NaN,NaN
NaN,NaN,NaN,NaN,NaN
111,31,207,183,0.558633
118,30,215,184,0.594935
119,29,216,183,0.565257
119,29,214,181,0.594917
117,30,209,178,0.537710
117,31,209,178,0.552165
119,31,211,177,0.551485
119,29,212,176,0.495625
119,31,211,177,0.492533
119,32,211,177,0.494827
121,29,213,174,0.487783
121,29,214,176,0.506169
123,28,217,177,0.512261
123,27,217,176,0.514149
123,26,216,174,0.495219
122,26,216,176,0.509563
122,25,216,175,0.487044
122,26,216,175,0.500845
123,26,217,176,0.510757
125,26,220,177,0.490204
126,26,221,177,0.479176
126,26,221,177,0.496089
126,26,221,177,0.496369
126,26,221,177,0.478775
127,26,222,176,0.486937
127,26,222,176,0.500557
127,26,222,176,0.510411
129,26,224,176,0.499872
135,26,230,177,0.500413
140,26,235,178,0.511355
148,27,243,179,0.493318
150,26,245,177,0.478542
150,23,245,174,0.480128
154,22,248,171,0.486607
155,22,248,170,0.474601
157,21,250,169,0.474196
158,19,252,168,0.459636
162,19,256,167,0.455866
168,20,262,168,0.485787
179,22,273,170,0.531763
187,24,281,172,0.514926
191,26,284,173,0.509053
190,27,283,174,0.491130
190,27,283,174,0.495989
190,27,283,174,0.498023
190,27,283,174,0.490507
190,24,283,171,0.499186
190,25,282,171,0.507123
197,26,288,171,0.524341
203,26,293,170,0.520664
210,27,299,170,0.502915
217,28,305,169,0.501020
227,29,314,168,0.490700
241,33,327,170,0.465777
250,36,335,172,0.484274
260,40,344,175,0.508396
265,43,348,176,0.504374
270,46,352,177,0.493298
272,49,353,179,0.499895
270,53,351,183,0.505619
116,26,212,178,0.489552
116,26,212,178,0.468974
116,26,212,178,0.450626
116,26,212,178,0.449254
116,26,212,178,0.477278
116,26,212,178,0.504006
NaN,NaN,NaN,NaN,NaN
NaN,NaN,NaN,NaN,NaN
NaN,NaN,NaN,NaN,NaN
NaN,NaN,NaN,NaN,NaN
NaN,NaN,NaN,NaN,NaN
NaN,NaN,NaN,NaN,NaN
NaN,NaN,NaN,NaN,NaN
NaN,NaN,NaN,NaN,NaN
NaN,NaN,NaN,NaN,NaN
NaN,NaN,NaN,NaN,NaN
NaN,NaN,NaN,NaN,NaN
121,21,217,173,0.456414
120,20,218,175,0.454392
120,20,218,175,0.457731
120,20,218,175,0.474339
120,20,218,175,0.462768
120,20,218,174,0.467090
120,21,217,174,0.467830
122,22,218,174,0.473323
122,22,219,175,0.462384
121,21,219,175,0.474067
119,21,217,175,0.445903
118,21,216,175,0.443417
118,21,216,175,0.446072
118,21,216,175,0.444946
118,21,216,175,0.447513
118,21,216,175,0.446955
118,21,216,175,0.445386
117,21,215,175,0.434546
117,21,215,175,0.433067
161,41,241,168,0.537715
162,40,243,168,0.520443
164,40,245,168,0.535613
165,40,246,168,0.546635
165,40,246,168,0.542697
165,40,246,168,0.549765
166,40,247,167,0.532877
166,40,247,167,0.480209
166,40,247,167,0.442670
167,40,248,166,0.420134
168,41,248,166,0.449071
170,42,249,165,0.468787
175,43,253,164,0.474261
178,44,255,164,0.487880
181,45,258,164,0.479248
183,45,260,164,0.485139
186,46,262,164,0.488280
187,47,263,164,0.485872
187,47,263,164,0.483673
187,47,263,164,0.483259
188,46,264,163,0.483795
190,47,266,164,0.481603
191,48,267,165,0.486034
193,49,269,166,0.482989
195,50,271,166,0.484578
197,51,273,167,0.485943
200,52,276,167,0.486191
203,54,279,169,0.485021
207,56,283,170,0.504746
214,59,290,173,0.495234
223,64,299,178,0.474243
229,66,304,179,0.474042
233,69,307,181,0.486634
238,71,311,182,0.479334
244,72,317,183,0.469551
251,75,323,185,0.475204
258,79,329,188,0.489785
265,82,335,190,0.445220
272,84,341,190,0.451254
276,85,344,190,0.448804
281,88,349,193,0.431062
169,41,249,168,0.584070
169,41,249,168,0.599984
170,41,250,168,0.601883
171,41,251,168,0.623407
172,41,252,167,0.642944
173,41,253,167,0.655794
173,41,253,167,0.649186
171,41,251,167,0.648230
168,41,247,166,0.644071
160,42,235,161,0.503511
116,21,212,173,0.453208
113,23,208,173,0.463231
109,24,203,172,0.466985
106,25,199,172,0.478367
109,25,203,174,0.459987
109,24,204,175,0.484138
111,24,207,177,0.473079
112,24,209,178,0.445910
161,41,241,168,0.788291
167,41,247,168,0.744665
167,41,247,168,0.735500
166,40,246,167,0.722514
166,40,246,167,0.739883
166,39,246,166,0.753906
166,39,246,166,0.745713
164,39,244,166,0.699664
161,41,241,168,0.746002
160,47,240,174,0.706486
159,53,238,178,0.671983
158,54,237,179,0.697610
158,55,237,180,0.680448
159,55,238,180,0.677154
159,55,238,180,0.671516
159,54,238,179,0.675253
159,53,238,178,0.683433
164,52,243,178,0.683979
169,52,248,179,0.631622
169,52,248,179,0.632461
169,52,248,179,0.628773
169,52,248,179,0.623187
170,51,249,178,0.594174
171,50,250,177,0.604418
172,50,251,177,0.606549
174,51,253,178,0.604923
176,51,255,178,0.616763
177,51,256,178,0.620425
178,51,257,178,0.623612
179,51,258,178,0.624819
179,51,258,178,0.623525
180,51,259,178,0.631367
180,51,259,178,0.626056
180,51,259,178,0.623675
180,51,259,178,0.619906
180,51,259,178,0.614141
180,51,259,178,0.608335
181,50,260,177,0.588311
181,49,260,176,0.550803
182,49,261,176,0.564556
182,49,261,176,0.559023
182,50,261,177,0.583570
183,51,262,178,0.605756
184,52,263,179,0.619921
185,53,264,179,0.611237
186,53,265,179,0.594226
188,54,267,180,0.602046
190,56,269,181,0.600057
194,60,272,184,0.598865
195,62,272,185,0.595693
193,63,270,186,0.571489
190,63,267,186,0.554400
189,63,266,187,0.542147
189,63,266,187,0.543665
188,62,265,186,0.556459
188,62,265,186,0.545113
189,61,266,185,0.573158
189,61,266,185,0.582347
189,61,266,185,0.586247
188,61,265,185,0.590264
187,61,264,185,0.585209
186,60,263,185,0.580975
182,57,260,183,0.605392
171,53,251,182,0.599867
164,51,244,180,0.621124
162,49,242,178,0.661237
162,47,242,177,0.652584
161,44,241,175,0.668233
158,41,238,172,0.732347
157,39,237,170,0.724631
156,38,236,168,0.709945
156,38,236,167,0.634276
156,38,236,167,0.620314
156,38,236,167,0.607102
156,38,236,167,0.608623
157,38,237,167,0.597941
157,38,237,167,0.606633
159,39,239,168,0.604290
121,31,217,183,0.605535
122,31,218,184,0.627388
124,30,220,184,0.617498
125,29,221,183,0.611493
126,28,222,182,0.613792
127,28,223,182,0.601577
128,28,224,182,0.600899
128,28,224,182,0.604711
128,28,224,182,0.604698
128,28,224,182,0.611105
128,28,22